world: 6a0d0670-1ed6-4dc2-ba07-1d90d6c2fe24
world-name: world
x: 24.51795383290928
y: 85.0
z: 59.42303404015981
yaw: 142.80015563964844
pitch: 90.0
name: spawn
lastowner: e309e091-d7a8-4679-aea7-c46d35bd91e3
